11397
10335
6229
52354
39268
35635
3520
33724
60352
42132
7839
60734
38362
56854
11178
36629
46191
26562
39508
771
45491
17595
63369
49901
36858
10342
41273
59970
65196
65066
5872
27788
32302
49902
5055
34990
7033
40655
55320
61429
16224
37829
32737
3576
53638
17202
2970
40170
30922
11442
63938
40804
7106
52403
15163
32603
18702
23791
45469
24553
53777
58574
46087
14117
26663
16309
46534
31988
20017
50121
46368
48442
23342
2345
40655
9722
24637
49098
6125
56997
6601
38365
56083
7015
53781
31167
61833
8185
49185
21842
60995
53165
35419
5518
173
44566
36268
1082
16543
60266
6345
19327
13935
64363
32321
53091
2310
25592
5898
18641
19342
43790
16426
58483
29716
14811
21097
17898
7971
30030
10036
10758
27101
25294
9204
28823
36599
50087
505
54455
15117
22915
46562
18767
38103
56369
25555
54057
3455
19263
13929
55911
46999
38643
2880
38705
6021
57833
8524
16555
18857
49594
35239
38545
39037
14148
56004
54480
33408
35159
14010
64005
1139
37970
53151
58796
15123
31067
50936
21884
2011
15920
12199
23340
63805
58828
37363
61644
57257
47069
8377
51829
218
56408
45683
7226
355
36541
64015
31656
21713
3327
44945
18582
13784
64971
45241
41517
60781
29766
19294
7894
6313
29128
7990
37010
60600
62301
26809
40812
26064
16100
15279
330
17593
27869
46950
26042
40387
42659
41293
42472
5836
28407
64133
34913
20466
41732
2718
3747
3693
60986
19199
13148
51892
51741
31754
42031
7470
5720
44173
1303
1754
972
59088
56906
18618
49278
43353
27630
25744
47388
65029
6535
44821
45363
28035
48599
13876
39799
53383
28453
32894
22993
2276
34833
9547
8165
31731
47631
29085
31742
4842
41252
13515
20686
62967
33868
5099
47055
59759
56204
33608
42762
31399
61564
38270
49002
10454
54229
63185
12615
42904
54057
42140
42323
51415
14600
43917
28404
44277
6150
38596
31939
32457
6833
21838
59975
18130
16231
32287
19879
41802
15313
50107
51988
25187
14476
35695
12339
56991
9875
24525
21119
27634
7569
62969
15901
19489
49302
51374
28095
17319
24067
42510
59884
39572
27664
44350
21631
49278
46475
2582
14081
60489
22069
40663
30112
31240
58403
53583
16173
57172
28572
57603
52053
19155
32189
49839
27903
13125
44931
10568
3550
40582
20320
35196
54326
63272
44861
55609
8810
10272
51216
7336
7134
1983
24350
31858
37337
3548
35870
22771
32794
60211
37560
15152
51564
61870
55714
33120
35748
50357
26174
33182
26001
32341
44340
40079
19316
12230
2892
21278
52586
19071
42569
4337
59686
20527
24463
40979
62385
62581
33445
29955
51974
18627
52198
31740
10260
21060
43220
17386
37613
39058
20236
16622
33341
29556
41385
2608
38709
37655
17121
33953
38418
64159
37140
43385
48012
17796
24541
17083
52962
1682
46837
34149
57706
41034
48712
50951
1425
31681
49314
50953
33366
43363
6461
45490
41969
57
15432
26525
26721
53533
25498
59087
60900
25944
53104
24155
58225
16464
54111
22963
55025
35831
59961
8361
19529
7238
58391
27631
8535
2258
37149
40710
8282
18895
30044
1777
25063
61517
32591
3155
33758
11826
5769
44699
59929
14836
21514
2166
33218
18942
50465
35411
34862
7498
46424
14961
62293
20203
57240
51549
33618
41667
21299
349
37843
32599
53860
54918
14343
25861
32259
42739
26164
47874
4511
34406
16221
10182
37842
27026
15836
39442
17815
51914
6585
31461
57287
50908
60689
23706
11527
32013
60450
6550
42941
43883
22106
16913
39916
32874
64872
5819
3073
36660
24619
4481
10787
54410
18071
12485
3471
4490
37999
14435
39244
12269
39042
55479
34655
23279
2034
60253
46482
24795
36450
37149
10129
26135
65454
8544
31072
766
50132
19240
32142
21702
44141
5867
34851
3813
35493
20776
619
8313
16222
17489
43158
26622
43849
7962
39208
18945
35971
22365
49986
54472
37094
17176
25748
42617
27153
52658
3630
48214
41029
192
63724
2879
65068
17081
31459
39777
24355
64507
57226
26081
13989
24835
12361
25206
32679
41138
6962
49187
47237
44129
54773
54793
55809
22089
56269
52104
44972
1844
47867
39044
56430
53001
55468
54021
2242
60061
28244
48512
41
60607
55452
23766
51764
50845
13158
42190
24583
50496
51044
22922
29457
58438
55625
25360
41922
19092
22648
30912
33011
29073
57298
11487
4407
64503
40703
7992
32849
4989
33153
4323
47889
52735
13163
34090
21721
30847
11728
52303
29359
10624
30539
46843
47547
60024
15251
44177
22844
31251
18452
36304
21508
52395
8026
16460
43586
17991
64006
14493
4967
18281
15876
4312
41013
13549
50290
39316
2076
8314
34813
48338
8638
46085
57587
36659
18101
58477
26064
37780
15555
12085
32633
15172
60682
4691
8964
16528
21101
58581
22825
32130
56735
61595
61560
11489
15796
29178
7273
8922
20771
3855
52135
64658
44081
7950
9393
48465
61421
16159
5268
62584
22321
53207
61672
46120
49056
63749
24640
9360
51538
15100
37730
57011
54087
47469
8681
59966
58163
46707
59102
59389
22165
57508
6528
48373
24546
30564
44030
52291
16180
390
4609
16131
12325
40282
54046
64700
43313
23458
24236
15264
41421
49640
7832
6489
42489
29011
45640
37499
61086
3865
63939
47973
3963
18370
24544
4177
64652
4146
55615
32555
50012
58385
53427
56166
53065
35266
47460
22039
33884
1576
65354
27087
27000
42746
22504
11754
41544
63190
5085
61171
41452
46008
38398
9475
29474
31819
53884
52413
49099
27615
2207
54989
39517
44322
26552
56396
34450
41423
7334
50899
5461
26478
17583
20779
47412
40727
23804
37907
1626
42637
10166
37217
478
11207
22785
27013
16893
53176
8982
39893
39458
39403
25052
5113
46197
21125
28542
32224
1407
35861
54654
16569
53062
42972
7220
59410
44708
28429
63069
43936
20877
53019
15134
10598
15814
51199
24405
28281
59272
58963
64302
46982
3320
35267
64286
14064
20554
24558
16328
61916
13666
40214
1866
58216
62132
42282
43052
64630
20148
43235
4804
60005
3352
43554
42507
26387
8259
61684
6194
64376
62760
5483
14005
54235
12701
53922
52419
31701
12302
8816
3739
63628
24218
95
64576
56320
34014
21266
35603
9257
20762
7738
21355
18220
36272
23107
35472
60021
2310
51889
18959
55380
46606
26262
24509
46531
26957
28773
63030
21524
1950
6391
28725
50911
5852
30367
29306
25035
40993
